================ 2010_07 ================
問題
1 
1 2 3 4 5  問題
2 
1 2 3 4 5 6  
4 3 2 3 3  3 2 2 2 2 4  
               
問題
3 
1 2 3 4 5  
問題
4 
1 2 3 4 5 6  
1 1 3 2 2  2 1 3 3 1 1  
       7 8 9 10 11 12  
問題
5 
1 2 3   3 2 2 3 1 3  
2 3 2 3

================ 2010_12 ================
問題
1 
1 2 3 4 5  問題
2 
1 2 3 4 5 6  
3 2 3 2 2  3 2 2 1 4 2  
               
問題
3 
1 2 3 4 5  
問題
4 
1 2 3 4 5 6  
4 3 4 4 4  3 2 3 1 1 2  
       7 8 9 10 11 12  
問題
5 
1 2 3   3 2 3 3 2 1  
3 4 2 3

================ 2011_07 ================
問題
1 
1 2 3 4 5  問題
2 
1 2 3 4 5 6  
2 3 3 2 1  2 3 4 2 3 2  
               
問題
3 
1 2 3 4 5  
問題
4 
1 2 3 4 5 6  
1 4 3 1 2  3 1 3 1 1 3  
       7 8 9 10 11 
 
 
問題
5 
1 2 3   3 2 3 1 2  
3 4 1 3

================ 2011_12 ================
問題
1 
1 2 3 4 5  問題
2 
1 2 3 4 5 6  
2 3 4 3 2  2 3 1 3 4 2  
               
問題
3 
1 2 3 4 5  
問題
4 
1 2 3 4 5 6  
3 3 2 1 4  2 3 2 1 3 2  
       7 8 9 10 11 
 
 
問題
5 
1 2 3   3 2 1 2 3  
1 4 1 4

================ 2012_07 ================
問題
1 
1 2 3 4 5  問題
2 
1 2 3 4 5 6  
3 2 4 1 4  3 3 3 3 2 1  
               
問題
3 
1 2 3 4 5  
問題
4 
1 2 3 4 5 6  
3 3 3 1 1  1 2 1 2 3 3  
       7 8 9 10 11  問題
5 
1 2 3   3 1 2 3 3 
3 4 3 1

================ 2012_12 ================
問題
1 
1 2 3 4 5  問題
2 
1 2 3 4 5 6  
4 2 1 3 2  3 4 2 1 3 3  
     
 
         
問題
3 
1 2 3 4  
問題
4 
1 2 3 4 5 6  
4 1 3 3  2 1 3 2 1 2  
      7 8 9 10 11 12  
問題
5 
1 2 3   1 1 3 1 2 3  
3 3 1 4

================ 2013_07 ================
問題
1 
1 2 3 4 5  問題
2 
1 2 3 4 5 
 
 
2 2 3 3 3  3 4 3 4 2  
              
問題
3 
1 2 3 4 5  
問題
4 
1 2 3 4 5 6  
3 2 4 1 4  1 3 2 1 3 1  
       7 8 9 10 11 12  
問題
5 
1 2 3   1 3 1 1 1 2  
3 2 1 2

================ 2013_12 ================
問題
1 
1 2 3 4 5  問題
2 
1 2 3 4 5 6  
1 4 1 2 3  3 3 2 2 3 4  
               
問題
3 
1 2 3 4 5  
問題
4 
1 2 3 4 5 6  
4 2 3 1 4  3 1 2 2 1 3  
       7 8 9 10 11 12  
問題
5 
1 2 3   2 3 1 3 3 3  
2 3 1 3

================ 2014_07 ================
問題
1 
1 2 3 4 5  問題
2 
1 2 3 4 5 6  
4 4 3 3 3  2 3 4 1 3 2  
               
問題
3 
1 2 3 4 5  
問題
4 
1 2 3 4 5 6  
1 2 1 4 2  1 2 2 2 3 3  
       7 8 9 10 11 12  
問題
5 
1 2 3   2 1 2 1 3 2  
2 3 1 3

================ 2014_12 ================
問題
1 
1 2 3 4 5  問題
2 
1 2 3 4 5 6  
1 2 4 2 3  2 2 3 2 4 3  
               
問題
3 
1 2 3 4 5  
問題
4 
1 2 3 4 5 6  
4 3 3 4 2  3 1 3 2 1 1  
       7 8 9 10 11 12  
問題
5 
1 2 3   3 2 1 2 2 3  
3 2 4 2

================ 2015_07 ================
問題
1 
1 2 3 4 5  問題
2 
1 2 3 4 5 6  
3 3 2 3 3  2 4 1 2 3 2  
               
問題
3 
1 2 3 4 5  
問題
4 
1 2 3 4 5 6  
1 3 2 4 4  3 1 3 2 2 1  
       7 8 9 10 11 12  
問題
5 
1 2 3   3 1 3 1 2 2  
3 1 1 2

================ 2015_12 ================
問題
1 
1 2 3 4 5  問題
2 
1 2 3 4 5 6  
4 1 2 4 3  2 3 1 2 3 2  
               
問題
3 
1 2 3 4 5  
問題
4 
1 2 3 4 5 6  
3 4 2 2 3  3 2 3 1 2 3  
       7 8 9 10 11 12  
問題
5 
1 2 3   1 3 2 2 2 3  
4 3 4 2

================ 2016_07 ================
問題
1 
1 2 3 4 5  問題
2 
1 2 3 4 5 6  
2 3 3 2 1  3 3 3 4 3 2  
               
問題
3 
1 2 3 4 5  
問題
4 
1 2 3 4 5 6  
4 1 2 1 3  3 2 2 1 2 1  
       7 8 9 10 11 12  
問題
5 
1 2 3   1 2 3 3 2 3  
3 3 3 4

================ 2016_12 ================
問題
1 
1 2 3 4 5  問題
2 
1 2 3 4 5 6  
1 2 2 4 3  3 2 1 2 4 1  
               
問題
3 
1 2 3 4 5  
問題
4 
1 2 3 4 5 6  
2 1 3 1 2  2 3 2 1 3 1  
       7 8 9 10 11 12  
問題
5 
1 2 3   2 2 2 1 1 3  
3 1 3 1

================ 2017_07 ================
問題
1 
1 2 3 4 5  問題
2 
1 2 3 4 5 6  
1 2 2 3 2  3 3 3 1 2 3  
               
問題
3 
1 2 3 4 5  
問題
4 
1 2 3 4 5 6  
4 4 3 2 1  3 1 1 2 3 2  
       7 8 9 10 11 12  
問題
5 
1 2 3   3 2 1 2 2 2  
1 1 2 4

================ 2017_12 ================
問題
1 
1 2 3 4 5  問題
2 
1 2 3 4 5 6  
4 1 3 4 2  2 1 2 4 1 2  
               
問題
3 
1 2 3 4 5  
問題
4 
1 2 3 4 5 6  
1 3 4 1 2  2 2 3 2 1 3  
       7 8 9 10 11 12  
問題
5 
1 2 3   1 2 3 2 3 1  
3 2 2 3

================ 2018_07 ================
問題
1 
1 2 3 4 5  問題
2 
1 2 3 4 5   
3 2 2 1 4  3 1 3 1 4   
              
問題
3 
1 2 3 4 5  
問題
4 
1 2 3 4 5 6  
1 3 2 1 3  3 1 2 3 2 1  
       7 8 9 10 11 
 
 
問題
5 
1 2 3   1 2 1 1 3  
2 4 2 1

================ 2018_12 ================
問題
1 
1 2 3 4 5  問題
2 
1 2 3 4 5 
4 1 3 1 2  2 3 1 4 2                
問題
3 
1 2 3 4 5  
問題
4 
1 2 3 4 5 6  
1 1 3 4 2  2 1 3 2 1 2  
       7 8 9 10 11 
問題
5 
1 2 3   1 3 2 3 3   
2 4 2 4

================ 2019_07 ================
問題
1 
1 2 3 4 5  問題
2 
1 2 3 4 5  4 3 4 1 3  4 3 3 2 2 
               
問題
3 
1 2 3 4 5  
問題
4 
1 2 3 4 5 6  
2 2 4 1 3  1 2 2 3 3 1  
       7 8 9 10 11 
 
 
問題
5 
1 2 3   1 3 3 2 1  
2 4 2 1

================ 2019_12 ================
問題
1 
1 2 3 4 5  問題
2 
1 2 3 4 5  2 1 4 2 4  1 2 4 3 2 
               
問題
3 
1 2 3 4 5  
問題
4 
1 2 3 4 5 6  
1 2 4 4 3  2 1 2 1 3 1  
       7 8 9 10 11 
 
 
問題
5 
1 2 3   2 1 3 2 3  
1 1 4 2

================ 2020_12 ================
問題
1 
1 2 3 4 5  問題
2 
1 2 3 4 5 6  3 2 4 3 2  4 2 3 4 1 2 
               
問題
3 
1 2 3 4 5  
問題
4 
1 2 3 4 5 6  
1 3 4 3 3  2 2 3 1 2 2  
       7 8 9 10 11 
 
 
問題
5 
1 2    3 1 3 1 1  
3 3 4

================ 2021_07 ================
問題
1 
1 2 3 4 5  問題
2 
1 2 3 4 5 6  4 4 2 3 3  4 2 3 1 1 4 
               
問題
3 
1 2 3 4 5  
問題
4 
1 2 3 4 5 6  
2 4 3 1 3  1 2 2 2 3 3  
       7 8 9 10 11 
 
 
問題
5 
1 2    3 2 1 1 1  
1 2 3

================ 2021_12 ================
問題
1 
1 2 3 4 5  問題
2 
1 2 3 4 5 6  3 3 2 2 4  4 3 2 4 2 3 
               
問題
3 
1 2 3 4 5  
問題
4 
1 2 3 4 5 6  
4 1 2 3 4  3 2 2 3 1 2  
    
 
  7 8 9 10 11 
 
 
問題
5 
1 2   2 1 2 1 1  
2 2 1

================ 2022_07 ================
問題
1 
1 2 3 4 5  問題
2 
1 2 3 4 5 6  4 1 3 2 3  1 4 3 2 1 3 
               
問題
3 
1 2 3 4 5  
問題
4 
1 2 3 4 5 6  
4 1 2 4 1  3 2 2 3 1 3  
    
 
  7 8 9 10 11 
 
 
問題
5 
1 2   2 2 2 1 3  
2 2 4

================ 2022_12 ================
問題
1 
1 2 3 4 5  問題
2 
1 2 3 4 5 6  3 1 2 4 3  3 2 2 1 3 4 
               
問題
3 
1 2 3 4 5  
問題
4 
1 2 3 4 5 6  
3 3 1 4 2  2 3 1 3 2 1  
    
 
  7 8 9 10 11 
 
 
問題
5 
1 2   3 1 3 2 1  
4 2 4

================ 2023_07 ================
問題
1 
1 2 3 4 5  問題
2 
1 2 3 4 5 6  3 2 2 2 3  2 3 1 3 1 3 
               
問題
3 
1 2 3 4 5  
問題
4 
1 2 3 4 5 6  
1 2 4 4 4  2 2 3 3 1 1  
    
 
  7 8 9 10 11 
 
 
問題
5 
1 2   2 1 2 3 1  
3 1 3

================ 2023_12 ================
問題
1 
1 2 3 4 5  問題
2 
1 2 3 4 5 6  3 2 2 4 1  3 1 3 4 2 4 
               
問題
3 
1 2 3 4 5  
問題
4 
1 2 3 4 5 6  
1 2 4 3 1  2 1 2 2 3 1  
    
 
  7 8 9 10 11 
 
 
問題
5 
1 2   3 1 2 1 3  
3 1 4

================ 2024_07 ================
問題
1 
1 2 3 4 5  問題
2 
1 2 3 4 5 6  2 1 2 3 3  3 1 2 3 4 4 
               
問題
3 
1 2 3 4 5  
問題
4 
1 2 3 4 5 6  
2 1 4 1 4  1 3 2 2 1 2  
    
 
  7 8 9 10 11 
 
 
問題
5 
1 2   2 3 1 3 1  
2 1 3

================ 2024_12 ================
問題
1 
1 2 3 4 5  問題
2 
1 2 3 4 5 6  4 2 1 2 2  3 4 3 2 1 3 
               
問題
3 
1 2 3 4 5  
問題
4 
1 2 3 4 5 6  
1 4 1 2 1  3 1 2 1 1 3  
    
 
  7 8 9 10 11 
 
 
問題
5 
1 2   2 2 3 2 3  
3 1 4

================ 2025_07 ================
問題
1 
1 2 3 4 5  問題
2 
1 2 3 4 5 6  2 3 3 3 2  4 1 3 1 2 4 
               
問題
3 
1 2 3 4 5  
問題
4 
1 2 3 4 5 6  
4 3 1 1 4  2 3 1 1 2 2  
    
 
  7 8 9 10 11 
 
 
問題
5 
1 2   3 1 2 3 2  
3 1 2

================ 2025_12 ================
問題
1 
1 2 3 4 5  問題
2 
1 2 3 4 5 6  2 2 3 1 1  3 2 1 2 2 4 
               
問題
3 
1 2 3 4 5  
問題
4 
1 2 3 4 5 6  
3 4 4 3 2  3 3 2 2 1 2  
    
 
  7 8 9 10 11 
 
 
問題
5 
1 2   1 3 2 1 1  
2 3 2

